9162
4537
26683
18687
8865
13058
37754
21557
9113
9142
9182
81161
30875
9160
8433
8518
8809
26426
26427
19821
37542
21743
17834
8460
32699
21355
20209
8983
30662
39215
39074
26162
31938
25322
23653
18923
32462
8513
8389
22337
15609
21941
39766
34558
20346
19030
8916
58066
71939
13367
43338
17301
25644
20378
25154
18028
24411
18123
81350
32796
17334
18590
18031
33152
32578
18171
9076
18166
9197
38434
18697
18122
63500
20380
23411
9126
35307
20149
42862
4406
30876
18689
24351
9046
9047
18033
76400
28431
26651
8838
8745
9199
14470
18167
17833
19344
8939
8869
31897
22041
17738
17922
57201
33303
31690
27350
31656
39583
22365
18003
8413
18086
27653
8938
8553
8360
26327
26325
8333
24303
21081
39132
19047
79689
26732
11233
31843
31637
27337
18894
18379
21985
9127
9128
34343
9117
8697
18920
8940
31842
4874
42961
29400
33304
22540
96244
25509
17923
21973
11167
25575
58102
11319
33550
33546
8315
8316
21347
18380
34574
17337
23331
8919
23455
21858
8749
26379
52754
17963
9164
21070
43429
33430
32577
38007
27379
8653
9166
18576
31114
8846
11180
18956
17851
22169
22029
18540
8655
8633
9023
9109
17507
17604
8772
20730
18688
8533
32321
18656
9028
24767
9248
59772
34669
34514
18657
32150
8998
21693
35770
18384
79529
18924
17665
8488
28433
18360
21749
27668
39831
19796
35665
31657
26328
22183
27013
26759
50426
11320
18509
38147
30660
19254
64502
9144
71537
20636
24241
64063
47980
31257
27034
26473
11654
71947
