11180 0.04014689783339852 0.04014689783339797 5.49998821442951313e-16
11233 0.01040489978776403 0.010404899787763773 2.56999960592321774e-16
11320 0.00985002095293993 0.009850020952941074 1.14400015746281628e-15
15609 0.07400636944900812 0.0740063694489882 1.99199990812311267e-14
17301 0.04664913139466413 0.0466491313946635 6.30002777377014489e-16
17334 0.05894327785975246 0.058943277859751765 6.9500069761752048e-16
17337 0.02147293751684901 0.021472937516848645 3.65000049499034085e-16
17507 0.01101320662674816 0.011013206626744664 3.495999740784142e-15
17834 0.06069323838815093 0.06069323838815207 1.13999792678703971e-15
17963 0.01001087585534185 0.010010875855343136 1.2860001488723162e-15
18028 0.08350505323507329 0.08350505323506734 5.94999987864677782e-15
18033 0.01025654675193045 0.010256546751930804 3.53999632613042486e-16
18086 0.01020047441999988 0.010200474419999724 1.55999751961719002e-16
18122 0.02731513296969796 0.02731513296970005 2.08999958724136181e-15
18123 0.03070528526429401 0.030705285264296635 2.62499914925433397e-15
18166 0.01066430804854694 0.010664308048546636 3.04000124769568392e-16
18167 0.07002110986683506 0.0700211098668331 1.96000035862856081e-15
18360 0.01001799393648658 0.010017993936486252 3.27999956297071737e-16
18540 0.01090810977413763 0.010908109774136875 7.55000276436278844e-16
18576 0.02289211156828688 0.02289211156828643 4.49999805756003124e-16
18656 0.02167024756798101 0.021670247567980708 3.01999432948153734e-16
18657 0.01014697030462165 0.010146970304621004 6.46000688651806459e-16
18687 0.03311707518768808 0.03311707518768585 2.22999719276355257e-15
18688 0.01152969019964062 0.011529690199640978 3.58000169222924547e-16
18689 0.03711844187439433 0.03711844187439041 3.92000071725712163e-15
18697 0.00985002095294174 0.009850020952941081 6.59000103293318207e-16
18894 0.02093579880499214 0.02093579880499115 9.89998556223670167e-16
18920 0.01227331151673177 0.012273311516729231 2.53899989411960486e-15
18923 0.06280092154761360 0.06280092154761242 1.18000498695175482e-15
19030 0.02320436356440299 0.023204363564402582 4.07998830033451387e-16
19047 0.01119032346449699 0.01119032346449621 7.80000453874489519e-16
19254 0.01070092497611774 0.010700924976117295 4.44999770268360989e-16
20149 0.01070092497611770 0.010700924976117285 4.15000404375455434e-16
20209 0.01052730652572386 0.010527306525723326 5.34000063135212089e-16
20346 0.01452650054242120 0.014526500542421009 1.91000000375213946e-16
20378 0.01138811056639306 0.011388110566392592 4.6800010291810426e-16
20380 0.02133805819079733 0.02133805819079696 3.70000932019623474e-16
20636 0.01054467388019762 0.010544673880199557 1.93699917894587029e-15
21070 0.01050055679034913 0.010500556790348703 4.27000320139207107e-16
21081 0.02135546349933261 0.021355463499330648 1.96200105044997547e-15
21347 0.02046424923591978 0.02046424923591758 2.20000036796948878e-15
21693 0.02167674286705349 0.021676742867052956 5.34000063135212089e-16
21743 0.01091332164803991 0.010913321648039494 4.15999903253215508e-16
21749 0.01029441018202892 0.010294410182028821 9.8999516809188115e-17
21858 0.01061248691956949 0.010612486919574093 4.60299980504499592e-15
21941 0.02229422455960956 0.022294224559605925 3.63499954149446719e-15
21973 0.01032815364047216 0.01032815364047261 4.50000652788950378e-16
21985 0.02282402290182638 0.022824022901829714 3.33399960742407353e-15
22029 0.01077444397995760 0.010774443979957192 4.08000524099345896e-16
22041 0.02106895434026316 0.021068954340258725 4.43500013731952525e-15
22183 0.01030086139685376 0.010300861396853583 1.7700023982299487e-16
22337 0.01030086139685376 0.01030086139685359 1.70000359546885332e-16
22365 0.01011817066669214 0.010118170666688606 3.53400017989681167e-15
22540 0.01085486358632840 0.010854863586327984 4.15999903253215508e-16
23331 0.01054409395585344 0.010544093955853047 3.92999570603472237e-16
23411 0.01083452657338500 0.010834526573384424 5.76000191824816571e-16
23455 0.04512565268572476 0.045125652685723654 1.10599802428425209e-15
23653 0.01030086139685376 0.01030086139685359 1.70000359546885332e-16
24303 0.01022875258911438 0.010228752589113776 6.03999712929254723e-16
24351 0.01001002997284706 0.010010029972846573 4.86999898957965471e-16
25154 0.01163070664469473 0.011630706644694571 1.58999942660893734e-16
25509 0.01077444397995760 0.01077444397995719 4.10000368887813299e-16
25644 0.01039999418553671 0.010399994185536577 1.33000266344922985e-16
26651 0.01030086139685376 0.010300861396853588 1.72000204335352735e-16
26683 0.01040837644064837 0.010408376440647954 4.15999903253215508e-16
26732 0.01054409395585344 0.010544093955853052 3.87999535115830102e-16
27034 0.01227331151673117 0.012273311516729226 1.94399990625492708e-15
27337 0.01221277136232194 0.012212771362316422 5.51800037005287583e-15
28431 0.02160511106405251 0.021605111064052163 3.47000599369880203e-16
28433 0.01047438742294252 0.010474387422942379 1.40999645498792597e-16
31114 0.01079716637072631 0.01079716637072581 5.00000160632424473e-16
34514 0.01066386225155289 0.010663862251552797 9.29999824437859057e-17
34574 0.01029707678476199 0.01029707678476186 1.30000075645748253e-16
35665 0.01018005875026848 0.01018005875026839 8.99997917446111739e-17
35770 0.01028700153963541 0.010287001539635665 2.55000115803854371e-16
39831 0.01029947546316157 0.01029947546316188 3.09999659134970601e-16
43338 0.01018005875026848 0.01018005875026839 8.99997917446111739e-17
4537 0.20829827525824451 0.20829827525824202 2.48999226185736555e-15
47980 0.01030086139685376 0.010300861396853581 1.79000084611462273e-16
4874 0.02712746796221414 0.02712746796220787 6.26999876172408543e-15
50426 0.01108533871061963 0.011085338710611601 8.02899989603509529e-15
52754 0.01058229414278140 0.010582294142781324 7.60000311923920979e-17
63500 0.01022559695243923 0.010225596952439108 1.21999849458931386e-16
76400 0.01013553169905317 0.010135531699053062 1.0800008890671231e-16
8315 0.01072230783864238 0.010722307838640917 1.46299954166236382e-15
8316 0.02210029812197550 0.022100298121979518 4.01799904112265516e-15
8333 0.03369913459135682 0.03369913459136702 1.02000012440223858e-14
8360 0.01065640240843664 0.010656402408438816 2.17599968940903818e-15
8389 0.04090986197136221 0.04090986197136265 4.39999734780718854e-16
8413 0.01091482062788723 0.010914820627883319 3.91100014515959743e-15
8433 0.03734021479246298 0.03734021479246016 2.81999968623942998e-15
8460 0.03043633271680278 0.03043633271679068 1.20999994827333465e-14
8513 0.03159569244137235 0.031595692441372114 2.3600031976399316e-16
8518 0.07596567084515507 0.07596567084514959 5.47999823687431165e-15
8553 0.02329247635339745 0.023292476353402678 5.22800085286847377e-15
8633 0.01003900556285684 0.010039005562857275 4.34999699293076719e-16
8653 0.02062627600454754 0.020626276004548843 1.30300094715665726e-15
8745 0.01278259584164504 0.012782595841645643 6.03000214051494648e-16
8809 0.16521282753950700 0.1652128275395037 3.29999970492128591e-15
8846 0.05212526077284871 0.05212526077284582 2.89000187713231438e-15
8869 0.01079658768251246 0.010796587682512368 9.1999636533078577e-17
8916 0.01417449346282944 0.014174493462829237 2.02999916138965619e-16
8938 0.12329232935718344 0.12329232935718379 3.50000790069054935e-16
8939 0.05823384106917525 0.058233841069172516 2.73400212517059538e-15
8983 0.06095449479900583 0.06095449479899659 9.24000120665867397e-15
8998 0.02965018924235342 0.029650189242355702 2.28199993352728309e-15
9023 0.01113944441447204 0.011139444414473584 1.5440004553753453e-15
9028 0.01113944441447205 0.011139444414473587 1.53699972806628851e-15
9046 0.01115013491905441 0.011150134919054446 3.59997472912550187e-17
9047 0.02089526528737155 0.02089526528737064 9.09999682487290518e-16
9076 0.01032815364047299 0.010328153640472616 3.7400062159655828e-16
9109 0.01079658768250458 0.010796587682512378 7.79800045879169151e-15
9113 0.10196261602054064 0.10196261602055541 1.47699981043435125e-14
9126 0.08027488706110825 0.08027488706111377 5.51999852077544872e-15
9127 0.02140117383635414 0.02140117383635438 2.40000009340927967e-16
9128 0.01009971833223764 0.010099718332237837 1.96999534740616156e-16
9142 0.01108292208353029 0.011082922083542994 1.27040000426955485e-14
9160 0.03109837434050756 0.03109837434050553 2.02999916138965619e-15
9162 0.08148977839217378 0.08148977839216542 8.35999834896544725e-15
9164 0.01108202988651459 0.011082029886511796 2.79400000992345923e-15
9166 0.02503295420817250 0.025032954208171813 6.86999624397756359e-16
9182 0.18581200188349889 0.18581200188347466 2.42299940961948623e-14
9197 0.05776858921359435 0.057768589213591647 2.70300071930108798e-15
9199 0.04049862454387492 0.0404986245438737 1.21999849458931386e-15
9248 0.01062441728906134 0.010624417289059235 2.10499969370428822e-15
