11167 0.00977724442047856 0.009777244420194972 2.83587999545982516e-13
11180 0.02233570943885795 0.022335709439130096 2.72146000667664728e-13
11233 0.00538388057104982 0.005383880571085374 3.55540000144107058e-14
11319 0.00643757170321953 0.006437571703285891 6.63609999640619747e-14
11320 0.00523028473686380 0.005230284736990123 1.26323000166115402e-13
11654 0.00533621088034763 0.005336210877496206 2.85142399998939192e-12
13058 0.01459020959264052 0.014590209593149144 5.08623999580064268e-13
13367 0.00524640332787336 0.005246403327915735 4.2375000061070818e-14
14470 0.00971938590522366 0.009719385905807286 5.8362600064982683e-13
15609 0.03870008889181695 0.038700088891673354 1.4359600138190258e-13
17301 0.02459536931416860 0.02459536931441763 2.49029998892710304e-13
17334 0.04410572851322129 0.0441057285135606 3.39310000994734462e-13
17337 0.01126717269159688 0.011267172691620522 2.36419999178369249e-14
17507 0.00939028986841481 0.009390289867054237 1.36057299985231943e-12
17604 0.00537587776935694 0.0053758777684015735 9.55366499903335985e-13
17665 0.00493121617029960 0.004931216170563912 2.64312000038065308e-13
17738 0.00519164141922921 0.005191641419234924 5.71399998239925828e-15
17833 0.00935288439968147 0.009352884399982471 3.01001000484874253e-13
17834 0.04640353940792855 0.04640353940727585 6.52700000980648704e-13
17851 0.00531508711037363 0.005315087110292317 8.13130000377820187e-14
17922 0.01103341719697996 0.011033417197418028 4.38068000758573117e-13
17923 0.00995461086414694 0.009954610863686725 4.6021500023000041e-13
17963 0.00522452825296629 0.00522452825285377 1.12519999861829343e-13
18003 0.00521311147691655 0.005213111477059487 1.42937000008059841e-13
18028 0.05044629254095889 0.050446292541562326 6.0343599895032983e-13
18031 0.01030687515840983 0.01030687515850182 9.19899998392376649e-14
18033 0.00649919168599921 0.0064991916861281175 1.28907499705546193e-13
18086 0.00527430231879205 0.005274302318818739 2.66889997752592974e-14
18122 0.01697331452573445 0.01697331452616369 4.29240000612623671e-13
18123 0.02157210354748980 0.02157210354824031 7.50509998928821503e-13
18166 0.00549347686596261 0.005493476866054922 9.23120002611693344e-14
18167 0.07651029256384194 0.07651029256336637 4.75569995710134474e-13
18171 0.07426739831323982 0.07426739831450714 1.26732000273795803e-12
18360 0.00511905333088745 0.005119053330918344 3.0893999974213179e-14
18379 0.01533280118789410 0.01533280118909046 1.19635999969381268e-12
18380 0.01972358471042465 0.019723584711411512 9.86861999996251071e-13
18384 0.00506127129510811 0.005061271295047435 6.06749999262836282e-14
18509 0.00506127129507933 0.005061271295047436 3.18939998719615543e-14
18540 0.00559771170309247 0.0055977117028805454 2.1192460001364646e-13
18576 0.01263955250960018 0.012639552509866881 2.6670100013810507e-13
18590 0.00499383870128024 0.004993838701309019 2.87789997860171329e-14
18656 0.01117785802204032 0.011177858021778871 2.61448999453709092e-13
18657 0.00519838143842526 0.005198381438568234 1.4297399967774533e-13
18687 0.01933305373198234 0.019333053732390807 4.08466998695925995e-13
18688 0.00582105688911133 0.005821056888630488 4.80841999924612809e-13
18689 0.01943218369170398 0.019432183691707978 3.99799889917208662e-15
18697 0.01055335166944740 0.010553351670012206 5.64806000058514553e-13
18894 0.01072612851978594 0.010726128519883648 9.77079999347303316e-14
18920 0.01198286142597927 0.011982861426102477 1.23207000157776747e-13
18923 0.03247697204185606 0.032476972041946627 9.05669988874105436e-14
18924 0.00490314850635458 0.00490314850639346 3.88799998191644361e-14
18956 0.01082516071463163 0.010825160714589879 4.17510002061909948e-14
19030 0.01269388405962015 0.012693884060189476 5.69325999952091048e-13
19047 0.00569045623014819 0.005690456230222134 7.39439997439180017e-14
19254 0.00547308621384684 0.00547308621379253 5.43100000667778686e-14
19344 0.00483048411925269 0.004830484119370777 1.18087000240847933e-13
19796 0.00532564357636685 0.005325643576882418 5.15567999822094019e-13
19821 0.01181758060104731 0.011817580600255326 7.91983999879502555e-13
20149 0.00742509877012806 0.007425098769766493 3.61566999976340462e-13
20209 0.00539640456694194 0.005396404566986281 4.43410003775812547e-14
20346 0.00798789335159673 0.007987893351893312 2.96581999952895414e-13
20378 0.00674831233387162 0.006748312333789453 8.21669998310274857e-14
20380 0.01143229493555939 0.011432294935447887 1.115029995893131e-13
20636 0.00540659445512598 0.005406594455024366 1.01614000044402287e-13
20730 0.00554930514904037 0.005549305148911543 1.28827000235337986e-13
21070 0.01117928773520262 0.011179287735013504 1.89116000047777778e-13
21081 0.01100867636341098 0.011008676363710364 2.9938400018900569e-13
21347 0.00798379069977353 0.007983790699749698 2.38319995723014315e-14
21355 0.03629895503233956 0.03629895503363569 1.29613000223577877e-12
21557 0.02588614897167382 0.02588614897121584 4.57979999613617426e-13
21693 0.01111952651797547 0.011119526516417613 1.55785699959684262e-12
21743 0.00566499678826271 0.005664996788477556 2.14845999708067597e-13
21749 0.00527807807823966 0.0052780780782744246 3.47646000359205353e-14
21858 0.00543353881052378 0.00543353880996079 5.62989999959600433e-13
21941 0.01611362067426392 0.01611362067313035 1.13357000042636595e-12
21973 0.00534934204870909 0.005349342048222855 4.86234999830991105e-13
21985 0.01179038113064286 0.011790381130490734 1.52126000090414912e-13
22029 0.00553017498649883 0.005530174986531444 3.26139998999843382e-14
22041 0.01099555570240211 0.010995555701628405 7.73705000078634547e-13
22169 0.00647377432391843 0.006473774323954469 3.60390000685802039e-14
22183 0.00526293731891204 0.005262937318982482 7.04420000452519839e-14
22337 0.00526293731895837 0.005262937318982476 2.41060003311780943e-14
22365 0.00520634062610185 0.005206340625622661 4.79188999881452991e-13
22540 0.00557203579794204 0.00557203579797515 3.31100003710398279e-14
23331 0.00541033373314999 0.005410333733181216 3.12260000436036592e-14
23411 0.00553666718319783 0.005536667182954466 2.43363999843915473e-13
23455 0.02568960382808167 0.025689603828668132 5.86462000788439894e-13
23653 0.00526293731895837 0.005262937318982476 2.41060003311780943e-14
24241 0.00504982010145629 0.005049820101285075 1.71215000134566789e-13
24303 0.00523924432414154 0.005239244324252513 1.1097300006278777e-13
24351 0.00603622378450829 0.006036223784689033 1.80743000166588451e-13
24411 0.00527040133396824 0.005270401334124011 1.55771000126401138e-13
24767 0.00647377432391843 0.006473774323954471 3.60409999133686713e-14
25154 0.00594602386909844 0.005946023869153813 5.53730001575606506e-14
25322 0.04961423389240246 0.049614233894075786 1.67332600141574528e-12
25509 0.00553017498649883 0.005530174986531446 3.26160001682892792e-14
25575 0.00524134332849003 0.0052413433281275745 3.6245549984504407e-13
25644 0.00541757790395746 0.005417577904149501 1.92041000055741219e-13
26162 0.00558509958220848 0.005585099582413893 2.05412999926794662e-13
26325 0.00565384139869633 0.005653841398607916 8.84139999541677223e-14
26327 0.04226621735592223 0.04226621735731174 1.38951000092915264e-12
26328 0.00488966641132320 0.004889666411369689 4.64890001223693811e-14
26379 0.00506127129513189 0.0050612712950474335 8.44564998177862319e-14
26426 0.00758518455308526 0.007585184553270378 1.8511799987805627e-13
26427 0.00950753324324408 0.009507533243543706 2.99626000043135086e-13
26473 0.00540293336944723 0.0054029333693979146 4.93153999895582645e-14
26651 0.00526293731895837 0.005262937318982478 2.41080001759665617e-14
26683 0.00696802133907457 0.006968021339119756 4.51859995987291974e-14
26732 0.00541033373315000 0.0054103337331812135 3.12134999548845538e-14
26759 0.00512653302197199 0.005126533022197242 2.25252000211895176e-13
27013 0.01038700308849026 0.010387003088311787 1.78472999725308445e-13
27034 0.00833090263045567 0.008330902630521988 6.63179999129781365e-14
27337 0.00619689082917917 0.006196890829176978 2.19200014178267191e-15
27350 0.01403047705300057 0.014030477053260819 2.602490002540374e-13
27379 0.00961478484714107 0.009614784847382114 2.41044000318308468e-13
27653 0.00529414754917086 0.005294147549272515 1.01654999827181184e-13
27668 0.01032771769145009 0.010327717691782612 3.32522000081149956e-13
28431 0.01160737361808000 0.011607373618067475 1.25249999580840862e-14
28433 0.00547565558155370 0.005475655580859423 6.94277000290682931e-13
29400 0.01495012063616211 0.014950120636662336 5.00226000791986151e-13
30660 0.00509744610795235 0.0050974461072005595 7.51790499716283771e-13
30662 0.01426981179487425 0.01426981179473318 1.4107000005539154e-13
30875 0.03684619466835042 0.03684619466667894 1.67148000152742178e-12
30876 0.00520312873805240 0.005203128737630172 4.22227999718555397e-13
31114 0.00552524908143484 0.005525249081592828 1.57988000022105547e-13
31257 0.00576273336891663 0.005762733368821562 9.50679998319801239e-14
31637 0.00617103521587275 0.006171035215637709 2.35040999894086094e-13
31656 0.02322166838897978 0.023221668388073543 9.06236999505261043e-13
31657 0.00518344139261163 0.005183441392381492 2.30137999653848464e-13
31690 0.00983118610962625 0.009831186109858635 2.323850001859952e-13
31842 0.00688707707035330 0.006887077070507888 1.54588000030947892e-13
31843 0.01543152090495992 0.015431520903909852 1.05006800001398396e-12
31897 0.00531322555252421 0.005313225552691325 1.67115000257336919e-13
31938 0.01986507079254617 0.019865070792967354 4.21184000694361897e-13
32150 0.00509230087249949 0.005092300872809962 3.10472000281743384e-13
32321 0.00547007606991074 0.005470076069801369 1.09370999873382134e-13
32462 0.00646595525882790 0.006465955259083965 2.56064999695911847e-13
32577 0.00547007606967921 0.005470076069801371 1.22161000018245359e-13
32578 0.00630907707582445 0.006309077076008446 1.83996000130848963e-13
32699 0.00617111137721863 0.0061711113774519846 2.33354600071266618e-13
32796 0.00520312873723014 0.005203128737630169 4.00029000047463215e-13
33152 0.00533515845486525 0.005335158454675474 1.8977600007346533e-13
33303 0.01313102165805268 0.01313102165816079 1.08109999901948028e-13
33304 0.00506983751439521 0.005069837514466504 7.12939999937089834e-14
33430 0.01078823487370874 0.010788234873236737 4.72003000208810319e-13
33546 0.00507451171982241 0.005074511719942106 1.19695999887013205e-13
33550 0.00512782764074915 0.005127827640832876 8.37259999693492837e-14
34343 0.00510575821308186 0.005105758213304658 2.2279800007403254e-13
34514 0.00547013255447925 0.005470132554546421 6.71710002073458434e-14
34558 0.02263121688583917 0.02263121688604875 2.09580000110152348e-13
34574 0.00531071236554030 0.005310712365548153 7.85300000212280774e-15
34669 0.00521914809884831 0.00521914809894418 9.58699998490771758e-14
35307 0.00529840534570436 0.00529840534569515 9.20999972318340028e-15
35665 0.00521869206471339 0.005218692064742315 2.89249998905200412e-14
35770 0.00525934180240368 0.005259341802363746 3.99340001848826412e-14
37542 0.04542897600410969 0.04542897600392297 1.8672000049097838e-13
37754 0.01055137411207828 0.010551374111299482 7.78797999973336683e-13
38007 0.00487533008625286 0.00487533008639126 1.38399999739715479e-13
38147 0.00515871825490682 0.0051587182545373015 3.69518499745833577e-13
38434 0.00510111403101837 0.005101114031145598 1.27227999813115051e-13
39074 0.01262323269587889 0.012623232696571066 6.9217599943952263e-13
39132 0.00757059484221871 0.00757059484193154 2.87169999812450808e-13
39215 0.00499625535436046 0.0049962553542671345 9.33255001700310487e-14
39583 0.00524134332849002 0.005241343328127571 3.6244899971420684e-13
39766 0.00516214284676817 0.005162142846759444 8.72600001492460954e-15
39831 0.00532287323446680 0.005322873234277728 1.89072000074299706e-13
42862 0.00634715119623602 0.00634715119633188 9.58599997781018915e-14
42961 0.00523755142805167 0.00523755142805997 8.29999961717963614e-15
43338 0.00521869206474767 0.005218692064742321 5.3489999329002242e-15
43429 0.00498356730359701 0.004983567303488635 1.08375000088727167e-13
4406 0.02840522884492793 0.028405228845988274 1.06034400044216579e-12
4537 0.10432732997375120 0.1043273299744478 6.96599997465890269e-13
47980 0.00526293731891204 0.005262937318982482 7.04420000452519839e-14
4874 0.02474741858413718 0.02474741858674222 2.60503999861621486e-12
50426 0.00569933295230511 0.0056993329527516064 4.46496399982644664e-13
52754 0.00547916502879166 0.005479165028838894 4.7233999904313902e-14
57201 0.01364202074858673 0.013642020748831545 2.44814999469814085e-13
58066 0.00749860299190592 0.007498602991859843 4.60769999086931004e-14
58102 0.00511440444499546 0.005114404444984755 1.07049997460765579e-14
59772 0.00508836475216212 0.005088364751849903 3.1221699996143628e-13
63500 0.00531604769112983 0.005316047691366393 2.36563000362722403e-13
64063 0.00508562648612918 0.005085626486154193 2.50130002464826837e-14
64502 0.00508238950689487 0.005082389506623227 2.71642999892816655e-13
71537 0.00489324122622687 0.004893241226532557 3.05686999777871277e-13
71939 0.00587266328482398 0.005872663284073282 7.50698000009046964e-13
71947 0.00504908850248659 0.0050490885025688955 8.23054998822989308e-14
76400 0.00527380856745912 0.005273808567672575 2.13455000084504217e-13
79529 0.00507626330986552 0.005076263309996508 1.30988000241800571e-13
79689 0.00591311569495956 0.005913115694470382 4.89178000136116647e-13
81161 0.00528645543239965 0.005286455432810766 4.11116000217806674e-13
81350 0.00582160163333965 0.005821601633488479 1.48829000152676328e-13
8315 0.00709941910755920 0.007099419104745035 2.81416500015567298e-12
8316 0.00766351079651813 0.0076635107935936015 2.92452849987357203e-12
8333 0.01554557160736369 0.015545571607514014 1.50323999328536538e-13
8360 0.00565634286148780 0.005656342859712326 1.77547399982921688e-12
8389 0.02108633369423701 0.021086333694613876 3.76866000225913912e-13
8413 0.00560235857773421 0.0056023585776461 8.81100002529146276e-14
8433 0.04885990400627900 0.048859904012143435 5.86443499894805965e-12
8460 0.02054746282521502 0.020547462821659906 3.55511400076643017e-12
8488 0.00994115957890796 0.009941159578950361 4.2401000584419736e-14
8513 0.01621031646355784 0.016210316463864612 3.06772001125942516e-13
8518 0.04267500328575281 0.04267500328710633 1.35352000129305462e-12
8533 0.00530507857804047 0.005305078577834481 2.05989000118619479e-13
8553 0.01311218464017004 0.01311218464040722 2.3717999949029317e-13
8633 0.00522650660990648 0.005226506610232164 3.2568400008323845e-13
8653 0.01946562280077029 0.01946562280295485 2.1845600008856339e-12
8655 0.00509230087249949 0.005092300872809961 3.10470999935832676e-13
8697 0.01321690935972517 0.013216909360184973 4.59803000016324129e-13
8745 0.00802048162016127 0.008020481620017018 1.44252000447463776e-13
8749 0.01866872116259126 0.018668721162432195 1.59064999873440548e-13
8772 0.00537210435533214 0.005372104355472743 1.40602999874867669e-13
8809 0.10204751944762341 0.10204751944615913 1.46427999798059635e-12
8838 0.01231871513315395 0.01231871513317289 1.89399997489497936e-14
8846 0.02922793232838188 0.029227932328627058 2.45177999674524652e-13
8865 0.02560287574642290 0.025602875747654578 1.23167799981197586e-12
8869 0.00554836848766480 0.005548368488040426 3.75625999895308135e-13
8916 0.00724962728349274 0.007249627283572424 7.9684000249666178e-14
8919 0.00527007235792388 0.005270072357943323 1.94429996767649192e-14
8938 0.08153144519889358 0.08153144520237046 3.476879998102686e-12
8939 0.03284901036808385 0.03284901036996931 1.88545999898538132e-12
8940 0.00532022049528039 0.005320220495310566 3.01759997909788625e-14
8983 0.03683307261100431 0.036833072610285435 7.18874998862240738e-13
8998 0.01583161887922080 0.015831618879033286 1.87514000705405089e-13
9023 0.00877314676952413 0.008773146768934413 5.89717000173972401e-13
9028 0.00569945980386181 0.005699459802807992 1.05381799994817772e-12
9046 0.00906410558293818 0.009064105583767343 8.29162999992452167e-13
9047 0.01170249428797051 0.011702494288169035 1.98524999574006735e-13
9076 0.00534934204802500 0.005349342048222857 1.97857000169165314e-13
9109 0.00554836849219896 0.005548368488040431 4.15852900007593167e-12
9113 0.09192727169872368 0.09192727171540108 1.6677400000548407e-11
9117 0.01062720952457390 0.010627209524672871 9.89709997509529045e-14
9126 0.05230857308452257 0.0523085730846722 1.49629999823862672e-13
9127 0.01099024982263262 0.010990249823327383 6.94762999843730189e-13
9128 0.00516543560839262 0.005165435608596266 2.03645999836846257e-13
9142 0.00569752517548760 0.005697525181686651 6.1990510000000938e-12
9144 0.00534215430671192 0.005342154306309782 4.02138000277777385e-13
9160 0.02244744019228556 0.022447440192616196 3.30635999061892373e-13
9162 0.05167672716890115 0.0516767271672856 1.61554999928001028e-12
9164 0.00566990215796761 0.00566990215743225 5.35359999943017285e-13
9166 0.02446293869579782 0.024462938695755568 4.22520007127341266e-14
9182 0.11031802453035566 0.11031802453118905 8.33389997637046243e-13
9197 0.03651635495186246 0.036516354949323857 2.53860300158557581e-12
9199 0.03156543541067271 0.031565435411650626 9.77916000537452576e-13
9248 0.00569383191240739 0.0056938319118064575 6.00932500324612021e-13
96244 0.00499625535433445 0.004996255354267134 6.73159999659380445e-14
