9162
4537
26683
18687
9113
9142
9182
8518
8809
21743
17834
8460
20209
8983
23653
18923
8513
8389
22337
15609
21941
20346
19030
8916
43338
17301
25644
20378
25154
18123
9076
18166
9197
18697
18122
63500
20380
23411
9126
20149
9046
18033
76400
28431
8433
26651
18167
8939
8869
9160
22041
22365
8413
9199
18086
8938
8553
8333
24303
21081
19047
18689
26732
11233
18028
27337
18894
21985
9127
9128
18920
22540
25509
21973
8316
24351
21347
34574
17337
8360
23331
23455
21858
52754
9047
17963
9164
21070
17334
8653
9166
18576
31114
8846
11180
22029
18540
4874
8633
9109
18688
9023
18656
9028
9248
34514
18657
8998
21693
35770
28433
18360
21749
39831
35665
17507
22183
8315
50426
11320
19254
20636
47980
8745
27034
